     0.00000
    97.10409
   137.47511
   168.54230
   194.81137
   218.02359
   239.07169
   258.48535
   276.60947
   293.68339
   309.88125
   325.33440
   340.14484
   354.39362
   368.14640
   381.45728
   394.37145
   406.92710
   419.15688
   431.08894
   442.74777
   454.15482
   465.32900
   476.28712
   487.04415
   497.61353
   508.00737
   518.23662
   528.31123
   538.24027
   548.03204
   557.69415
   567.23362
   576.65692
   585.97003
   595.17852
   604.28754
   613.30191
   622.22614
   631.06442
   639.82071
   648.49872
   657.10192
   665.63362
   674.09690
   682.49472
   690.82985
   699.10492
   707.32243
   715.48478
   723.59421
   731.65290
   739.66290
   747.62619
   755.54465
   763.42009
   771.25423
   779.04874
   786.80523
   794.52521
   802.21018
   809.86155
   817.48071
   825.06898
   832.62765
   840.15796
   847.66112
   855.13829
   862.59060
   870.01915
   877.42502
   884.80924
   892.17283
   899.51676
   906.84202
   914.14953
   921.44021
   928.71497
   935.97469
   943.22022
   950.45241
   957.67210
   964.88009
   972.07719
   979.26419
   986.44187
   993.61098
  1000.77229
  1007.92653
  1015.07446
  1022.21680
  1029.35426
  1036.48757
  1043.61743
  1050.74455
  1057.86962
  1064.99334
  1072.11641
  1079.23951
  1086.36333
  1093.48855
  1100.61585
  1107.74593
  1114.87946
  1122.01713
  1129.15962
  1136.30762
  1143.46182
  1150.62291
  1157.79159
  1164.96856
  1172.15453
  1179.35019
  1186.55628
  1193.77352
  1201.00263
  1208.24435
  1215.49944
  1222.76864
  1230.05273
  1237.35249
  1244.66870
  1252.00216
  1259.35370
  1266.72414
  1274.11434
  1281.52514
  1288.95743
  1296.41212
  1303.89010
  1311.39233
  1318.91977
  1326.47338
  1334.05419
  1341.66322
  1349.30154
  1356.97024
  1364.67043
  1372.40327
  1380.16995
  1387.97170
  1395.80977
  1403.68547
  1411.60015
  1419.55521
  1427.55209
  1435.59229
  1443.67736
  1451.80891
  1459.98863
  1468.21824
  1476.49958
  1484.83452
  1493.22506
  1501.67324
  1510.18122
  1518.75128
  1527.38576
  1536.08715
  1544.85808
  1553.70127
  1562.61962
  1571.61618
  1580.69419
  1589.85703
  1599.10834
  1608.45194
  1617.89192
  1627.43261
  1637.07865
  1646.83499
  1656.70694
  1666.70019
  1676.82088
  1687.07562
  1697.47157
  1708.01649
  1718.71882
  1729.58779
  1740.63348
  1751.86700
  1763.30061
  1774.94787
  1786.82394
  1798.94575
  1811.33242
  1824.00562
  1836.99009
  1850.31438
  1864.01167
  1878.12097
  1892.68879
  1907.77141
  1923.43811
  1939.77635
  1956.89939
  1974.95943
  1994.16855
  2014.84932
  2037.49720
  2063.15201
