 14-Jul-23 12/10/2013
  10000              1
   1000
*1000.000             1               0 SNB   3   2 CLC    39   40
  0.000000000E+00 0.719999872E+03 0.652999868E+01 0.110000001E+08
  0.110000001E+08 0.720559838E+03 0.461526058E+02 0.222392208E+03
  0.203950510E+01 0.345380078E+00 0.467531731E+00 0.128206723E+10
  0.735157401E+03 0.908822092E+02 0.930593004E+01 0.779076343E+00
  0.811835874E+00 0.119826336E+01 0.100000000E+11 0.131676384E+02
  0.204393059E+02 0.411753792E+02 0.624810794E+01-0.119847571E+01
  0.100000000E+05 0.100000000E+05 0.100000000E+05

  0.423684284E+03 0.428383983E+03

  0.553089913E+01 0.639192028E+00 0.222738412E+01 0.172125700E+01
  0.573959526E+00 0.130799017E+02-0.500000000E+02-0.500000000E+02
 -0.500000000E+02 0.421093733E+01 0.289776148E+06 0.253800878E+09
  0.825611238E-03 0.137143870E+01 0.112739188E+01 0.288408866E+00
  0.146461957E+01 0.703374002E+03 0.000000000E+00 0.000000000E+00
  0.616584424E+03-0.407417438E+03 0.530495748E+03 0.545704092E+03
  0.136617476E+03-0.500000000E+02 0.641206201E+01 0.631828418E+01
  0.100000000E+03 0.140295197E+03 0.172983607E+03 0.131676384E+02
  0.744125791E+03 0.960447203E+02 0.166292614E+02 0.000000000E+00
  0.113356527E+01 0.108782319E+01 0.354381804E+09 0.000000000E+00
  0.000000000E+00 0.000000000E+00 0.129224724E+01 0.100000000E+02
    44   60   15    1
 -0.342539487E+01 0.601248145E-06 0.601248145E-06 0.601248145E-06
  0.601248145E-06 0.601248145E-06 0.601248145E-06 0.601248145E-06
  0.601248145E-06 0.601248145E-06 0.601248145E-06 0.601248145E-06
  0.601248145E-06 0.601248145E-06 0.601248145E-06 0.601248145E-06
  0.601248145E-06 0.601248145E-06 0.601248145E-06 0.601248145E-06
  0.601248145E-06 0.601248145E-06 0.601248145E-06 0.601248145E-06
  0.601248145E-06 0.601248145E-06 0.601248145E-06 0.601248145E-06
  0.601248145E-06 0.601248145E-06 0.601248145E-06 0.601248145E-06
  0.601248145E-06 0.601248145E-06 0.601248145E-06 0.601248145E-06
  0.601248145E-06 0.601248145E-06 0.601248145E-06 0.601248145E-06
  0.601248145E-06 0.601248145E-06 0.601248145E-06 0.601248145E-06















 -0.256204895E+08 0.157723400E+08-0.388715201E+08 0.671328317E+08
 -0.232478436E+08 0.383562380E+08-0.153123046E+08-0.581140942E+07
 -0.617284245E+07 0.337137832E+07-0.112025011E+08-0.130864653E+08
 -0.135692332E+08 0.311408042E+07 0.251477408E+08

  0.000000000E+00 0.528680940E+03-0.454313284E+03 0.703197895E+03
 -0.510249339E+03 0.000000000E+00 0.000000000E+00 0.000000000E+00
  0.000000000E+00 0.000000000E+00 0.100000000E+03 0.000000000E+00
  0.388470932E+00 0.930967121E+00-0.601076859E+01-0.484930894E+00
 -0.866956844E-02 0.000000000E+00 0.999000000E+03 0.333074770E+01
  0.361506564E+02 0.110333290E+01 0.000000000E+00 0.146311300E+01
  0.558015755E+01 0.155022334E+01 0.470042520E+01 0.267175324E+00
  0.282262366E+00 0.467712031E+00 0.511137125E+01 0.935492763E+01
  0.947229374E+03 0.340426495E+01 0.660656122E+02 0.419404027E+02
 -0.890000000E+02-0.890000000E+02-0.890000000E+02-0.890000000E+02
  0.185736820E+01-0.890000000E+02-0.890000000E+02 0.528680940E+03
 -0.454313284E+03 0.531685620E+03 0.585656606E+03 0.703197895E+03
 -0.510249339E+03 0.000000000E+00 0.371275214E+00 0.527934269E+00
  0.625389998E+03 0.723437500E+03 0.000000000E+00 0.911760096E+00
  0.000000000E+00 0.000000000E+00 0.000000000E+00 0.000000000E+00
