    0.0   386.99112  
  0.005    383.1601  
   0.01   379.54323  
  0.015   375.98267  
   0.02   372.45822  
  0.025    368.9625  
   0.03   365.49203  
  0.035   362.04499  
   0.04   358.62035  
  0.045    355.2175  
   0.05   351.83609  
  0.055   348.47589  
   0.06    345.1368  
  0.065   341.81874  
   0.07   338.52169  
  0.075   335.24564  
   0.08    331.9906  
  0.085   328.75659  
   0.09   325.54364  
  0.095   322.35175  
    0.1   319.18096  
  0.105   316.03129  
   0.11   312.90275  
  0.115   309.79536  
   0.12   306.70913  
  0.125   303.64407  
   0.13   300.60017  
  0.135   297.57745  
   0.14   294.57589  
  0.145    291.5955  
   0.15   288.63624  
  0.155   285.69812  
   0.16    282.7811  
  0.165   279.88518  
   0.17   277.01031  
  0.175   274.15648  
   0.18   271.32364  
  0.185   268.51177  
   0.19   265.72083  
  0.195   262.95076  
    0.2   260.20154  
  0.205   257.47311  
   0.21   254.76542  
  0.215   252.07843  
   0.22   249.41208  
  0.225   246.76631  
   0.23   244.14107  
  0.235    241.5363  
   0.24   238.95194  
  0.245   236.38791  
   0.25   233.84417  
  0.255   231.32063  
   0.26   228.81724  
  0.265   226.33392  
   0.27   223.87061  
  0.275   221.42722  
   0.28   219.00369  
  0.285   216.59995  
   0.29    214.2159  
  0.295   211.85149  
    0.3   209.50662  
  0.305   207.18123  
   0.31   204.87522  
  0.315   202.58852  
   0.32   200.32104  
  0.325   198.07271  
   0.33   195.84343  
  0.335   193.63313  
   0.34   191.44171  
  0.345   189.26909  
   0.35   187.11519  
  0.355   184.97991  
   0.36   182.86317  
  0.365   180.76488  
   0.37   178.68494  
  0.375   176.62328  
   0.38    174.5798  
  0.385    172.5544  
   0.39     170.547  
  0.395   168.55751  
    0.4   166.58583  
  0.405   164.63187  
   0.41   162.69555  
  0.415   160.77676  
   0.42   158.87541  
  0.425   156.99142  
   0.43   155.12468  
  0.435   153.27511  
   0.44   151.44261  
  0.445   149.62709  
   0.45   147.82846  
  0.455   146.04661  
   0.46   144.28146  
  0.465   142.53292  
   0.47   140.80088  
  0.475   139.08527  
   0.48   137.38598  
  0.485   135.70292  
   0.49   134.03599  
  0.495   132.38512  
    0.5   130.75019  
  0.505   129.13113  
   0.51   127.52784  
  0.515   125.94022  
   0.52   124.36819  
  0.525   122.81166  
   0.53   121.27053  
  0.535   119.74472  
   0.54   118.23413  
  0.545   116.73868  
   0.55   115.25828  
  0.555   113.79284  
   0.56   112.34228  
  0.565    110.9065  
   0.57   109.48542  
  0.575   108.07895  
   0.58   106.68702  
  0.585   105.30954  
   0.59   103.94642  
  0.595   102.59758  
    0.6   101.26294  
  0.605    99.94243  
   0.61    98.63596  
  0.615    97.34345  
   0.62    96.06483  
  0.625    94.80002  
   0.63    93.54895  
  0.635    92.31154  
   0.64    91.08772  
  0.645    89.87743  
   0.65    88.68058  
  0.655    87.49712  
   0.66    86.32698  
  0.665    85.17009  
   0.67    84.02639  
  0.675    82.89583  
   0.68    81.77833  
  0.685    80.67385  
   0.69    79.58232  
  0.695     78.5037  
    0.7    77.43794  
  0.705    76.38498  
   0.71    75.34479  
  0.715    74.31731  
   0.72    73.30251  
  0.725    72.30035  
   0.73     71.3108  
  0.735    70.33383  
   0.74     69.3694  
  0.745    68.41749  
   0.75    67.47809  
  0.755    66.55117  
   0.76    65.63673  
  0.765    64.73475  
   0.77    63.84523  
  0.775    62.96818  
   0.78    62.10361  
  0.785    61.25152  
   0.79    60.41193  
  0.795    59.58487  
    0.8    58.77037  
  0.805    57.96848  
   0.81    57.17923  
  0.815    56.40269  
   0.82    55.63893  
  0.825    54.88801  
   0.83    54.15002  
  0.835    53.42507  
   0.84    52.71326  
  0.845    52.01472  
   0.85    51.32959  
  0.855    50.65803  
   0.86    50.00021  
  0.865    49.35634  
   0.87    48.72663  
  0.875    48.11133  
   0.88    47.51071  
  0.885    46.92506  
   0.89    46.35473  
  0.895    45.80005  
    0.9    45.26138  
  0.905    44.73905  
   0.91    44.23327  
  0.915    43.74403  
   0.92    43.27075  
  0.925    42.81171  
   0.93    42.36288  
  0.935    41.91566  
   0.94    41.45254  
  0.945    40.93874  
   0.95    40.30697  
  0.955    39.43054  
   0.96    38.08197  
  0.965    35.88788  
   0.97    32.35005  
  0.975    27.04356  
   0.98    20.02401  
  0.985    12.58206  
   0.99     6.45991  
  0.995     2.45691  
    1.0     0.21964  
