    0.0   360.73925  
  0.005   357.23914  
   0.01   353.95342  
  0.015   350.72681  
   0.02    347.5382  
  0.025    344.3795  
   0.03   341.24674  
  0.035   338.13768  
   0.04   335.05096  
  0.045   331.98573  
   0.05   328.94141  
  0.055   325.91761  
   0.06   322.91404  
  0.065    319.9305  
   0.07   316.96685  
  0.075   314.02299  
   0.08   311.09883  
  0.085   308.19429  
   0.09   305.30935  
  0.095   302.44394  
    0.1   299.59804  
  0.105   296.77161  
   0.11   293.96463  
  0.115   291.17705  
   0.12   288.40887  
  0.125   285.66004  
   0.13   282.93055  
  0.135   280.22035  
   0.14   277.52942  
  0.145   274.85773  
   0.15   272.20525  
  0.155   269.57193  
   0.16   266.95774  
  0.165   264.36264  
   0.17   261.78659  
  0.175   259.22956  
   0.18   256.69148  
  0.185   254.17233  
   0.19   251.67205  
  0.195   249.19059  
    0.2   246.72791  
  0.205   244.28394  
   0.21   241.85865  
  0.215   239.45197  
   0.22   237.06384  
  0.225   234.69421  
   0.23   232.34302  
  0.235   230.01021  
   0.24   227.69572  
  0.245   225.39949  
   0.25   223.12145  
  0.255   220.86154  
   0.26   218.61968  
  0.265   216.39583  
   0.27    214.1899  
  0.275   212.00183  
   0.28   209.83155  
  0.285   207.67899  
   0.29   205.54408  
  0.295   203.42675  
    0.3   201.32692  
  0.305   199.24452  
   0.31   197.17948  
  0.315   195.13172  
   0.32   193.10117  
  0.325   191.08776  
   0.33   189.09139  
  0.335   187.11201  
   0.34   185.14953  
  0.345   183.20387  
   0.35   181.27496  
  0.355   179.36271  
   0.36   177.46706  
  0.365   175.58791  
   0.37    173.7252  
  0.375   171.87883  
   0.38   170.04874  
  0.385   168.23484  
   0.39   166.43704  
  0.395   164.65528  
    0.4   162.88946  
  0.405   161.13951  
   0.41   159.40535  
  0.415   157.68689  
   0.42   155.98405  
  0.425   154.29676  
   0.43   152.62493  
  0.435   150.96848  
   0.44   149.32732  
  0.445   147.70138  
   0.45   146.09058  
  0.455   144.49483  
   0.46   142.91406  
  0.465   141.34818  
   0.47    139.7971  
  0.475   138.26076  
   0.48   136.73908  
  0.485   135.23196  
   0.49   133.73933  
  0.495   132.26111  
    0.5   130.79722  
  0.505   129.34759  
   0.51   127.91213  
  0.515   126.49077  
   0.52   125.08342  
  0.525   123.69001  
   0.53   122.31047  
  0.535   120.94471  
   0.54   119.59266  
  0.545   118.25425  
   0.55    116.9294  
  0.555   115.61803  
   0.56   114.32007  
  0.565   113.03546  
   0.57   111.76411  
  0.575   110.50595  
   0.58   109.26092  
  0.585   108.02894  
   0.59   106.80995  
  0.595   105.60387  
    0.6   104.41065  
  0.605    103.2302  
   0.61   102.06247  
  0.615    100.9074  
   0.62    99.76491  
  0.625    98.63495  
   0.63    97.51746  
  0.635    96.41237  
   0.64    95.31963  
  0.645    94.23918  
   0.65    93.17097  
  0.655    92.11493  
   0.66    91.07103  
  0.665     90.0392  
   0.67     89.0194  
  0.675    88.01158  
   0.68    87.01569  
  0.685    86.03169  
   0.69    85.05955  
  0.695    84.09921  
    0.7    83.15064  
  0.705    82.21381  
   0.71    81.28869  
  0.715    80.37523  
   0.72    79.47343  
  0.725    78.58325  
   0.73    77.70467  
  0.735    76.83767  
   0.74    75.98224  
  0.745    75.13837  
   0.75    74.30604  
  0.755    73.48527  
   0.76    72.67603  
  0.765    71.87835  
   0.77    71.09223  
  0.775    70.31769  
   0.78    69.55474  
  0.785    68.80342  
   0.79    68.06374  
  0.795    67.33577  
    0.8    66.61953  
  0.805    65.91508  
   0.81    65.22248  
  0.815    64.54181  
   0.82    63.87315  
  0.825    63.21657  
   0.83    62.57219  
  0.835    61.94012  
   0.84    61.32048  
  0.845     60.7134  
   0.85    60.11904  
  0.855    59.53755  
   0.86     58.9691  
  0.865    58.41386  
   0.87    57.87199  
  0.875    57.34362  
   0.88    56.82882  
  0.885    56.32755  
   0.89    55.83953  
  0.895    55.36415  
    0.9    54.90014  
  0.905    54.44515  
   0.91    53.99507  
  0.915     53.5428  
   0.92    53.07638  
  0.925    52.57587  
   0.93    52.00852  
  0.935    51.32123  
   0.94    50.42969  
  0.945    49.20397  
   0.95    47.45383  
  0.955    44.92467  
   0.96    41.33856  
  0.965    36.48079  
   0.97    30.25712  
  0.975    23.13809  
   0.98    16.03624  
  0.985     9.91566  
   0.99     5.30879  
  0.995     2.19099  
    1.0     0.22236  
