    0.0   5.52638   16.43631   291.02979   0.80304  
  0.005   5.48319    16.4165   288.40726   0.85917  
   0.01   5.44603   16.39083   286.00505   0.85809  
  0.015     5.411   16.36237   283.67159   0.85704  
   0.02   5.37733   16.33194    281.3826    0.8541  
  0.025    5.3447   16.29998   279.12774   0.85086  
   0.03   5.31291   16.26674   276.90144   0.84706  
  0.035   5.28181   16.23242   274.70024   0.84305  
   0.04   5.25134   16.19716   272.52183   0.83878  
  0.045   5.22141   16.16104   270.36456   0.83435  
   0.05   5.19198   16.12417   268.22722   0.82979  
  0.055     5.163    16.0866   266.10886   0.82512  
   0.06   5.13445   16.04841   264.00876   0.82035  
  0.065   5.10629   16.00963   261.92631   0.81551  
   0.07    5.0785   15.97031   259.86103    0.8106  
  0.075   5.05106   15.93049   257.81249   0.80564  
   0.08   5.02395    15.8902   255.78036   0.80063  
  0.085   4.99716   15.84947   253.76432   0.79557  
   0.09   4.97068   15.80833   251.76412   0.79048  
  0.095   4.94448   15.76679   249.77953   0.78536  
    0.1   4.91857    15.7249   247.81033   0.78021  
  0.105   4.89293   15.68265   245.85634   0.77503  
   0.11   4.86756   15.64008   243.91739   0.76984  
  0.115   4.84244   15.59719   241.99333   0.76462  
   0.12   4.81757   15.55402   240.08402   0.75939  
  0.125   4.79294   15.51056   238.18932   0.75414  
   0.13   4.76855   15.46683   236.30912   0.74888  
  0.135   4.74439   15.42285    234.4433   0.74361  
   0.14   4.72046   15.37863   232.59175   0.73833  
  0.145   4.69674   15.33418   230.75437   0.73304  
   0.15   4.67325   15.28951   228.93106   0.72775  
  0.155   4.64996   15.24463   227.12173   0.72245  
   0.16   4.62688   15.19956    225.3263   0.71715  
  0.165   4.60401   15.15429   223.54467   0.71184  
   0.17   4.58134   15.10884   221.77676   0.70653  
  0.175   4.55886   15.06322   220.02249   0.70121  
   0.18   4.53659   15.01744    218.2818    0.6959  
  0.185    4.5145    14.9715   216.55459   0.69058  
   0.19    4.4926   14.92541    214.8408   0.68527  
  0.195   4.47089   14.87918   213.14036   0.67996  
    0.2   4.44937   14.83281   211.45319   0.67465  
  0.205   4.42802   14.78632   209.77923   0.66934  
   0.21   4.40686    14.7397    208.1184   0.66403  
  0.215   4.38587   14.69297   206.47066   0.65872  
   0.22   4.36506   14.64613   204.83592   0.65342  
  0.225   4.34443   14.59919   203.21412   0.64813  
   0.23   4.32396   14.55215    201.6052   0.64283  
  0.235   4.30367   14.50502    200.0091   0.63755  
   0.24   4.28355    14.4578   198.42575   0.63226  
  0.245   4.26359   14.41049   196.85509   0.62699  
   0.25    4.2438   14.36311   195.29707   0.62171  
  0.255   4.22417   14.31566   193.75162   0.61645  
   0.26   4.20471   14.26815   192.21868   0.61119  
  0.265    4.1854   14.22057   190.69819   0.60594  
   0.27   4.16626   14.17293    189.1901   0.60069  
  0.275   4.14728   14.12524   187.69434   0.59545  
   0.28   4.12845    14.0775   186.21086   0.59022  
  0.285   4.10978   14.02971    184.7396     0.585  
   0.29   4.09127   13.98189    183.2805   0.57978  
  0.295   4.07291   13.93403    181.8335   0.57458  
    0.3    4.0547   13.88614   180.39856   0.56938  
  0.305   4.03665   13.83822    178.9756   0.56419  
   0.31   4.01875   13.79028   177.56459   0.55901  
  0.315     4.001   13.74231   176.16545   0.55384  
   0.32    3.9834   13.69433   174.77814   0.54867  
  0.325   3.96595   13.64634   173.40259   0.54352  
   0.33   3.94864   13.59834   172.03876   0.53838  
  0.335   3.93149   13.55034   170.68659   0.53324  
   0.34   3.91448   13.50233   169.34603   0.52812  
  0.345   3.89761   13.45433   168.01702   0.52301  
   0.35    3.8809   13.40633    166.6995    0.5179  
  0.355   3.86432   13.35834   165.39343   0.51281  
   0.36   3.84789   13.31037   164.09874   0.50773  
  0.365    3.8316   13.26241    162.8154   0.50266  
   0.37   3.81546   13.21447   161.54334    0.4976  
  0.375   3.79946   13.16655   160.28251   0.49255  
   0.38    3.7836   13.11866   159.03285   0.48751  
  0.385   3.76788    13.0708   157.79433   0.48248  
   0.39    3.7523   13.02297   156.56687   0.47747  
  0.395   3.73686   12.97518   155.35045   0.47246  
    0.4   3.72156   12.92743   154.14499   0.46747  
  0.405    3.7064   12.87972   152.95045   0.46249  
   0.41   3.69137   12.83206   151.76678   0.45753  
  0.415   3.67649   12.78445   150.59393   0.45257  
   0.42   3.66174   12.73689   149.43185   0.44763  
  0.425   3.64713   12.68938   148.28048    0.4427  
   0.43   3.63265   12.64194   147.13978   0.43778  
  0.435   3.61832   12.59455   146.00971   0.43288  
   0.44   3.60411   12.54724    144.8902   0.42799  
  0.445   3.59005   12.49999   143.78121   0.42311  
   0.45   3.57612   12.45281   142.68269   0.41824  
  0.455   3.56232   12.40571    141.5946   0.41339  
   0.46   3.54866   12.35868   140.51688   0.40855  
  0.465   3.53513   12.31174    139.4495   0.40373  
   0.47   3.52173   12.26487   138.39239   0.39892  
  0.475   3.50847    12.2181   137.34551   0.39412  
   0.48   3.49535   12.17142   136.30883   0.38934  
  0.485   3.48235   12.12483   135.28229   0.38457  
   0.49   3.46949   12.07834   134.26584   0.37981  
  0.495   3.45676   12.03195   133.25944   0.37507  
    0.5   3.44417   11.98566   132.26305   0.37035  
  0.505    3.4317   11.93948   131.27662   0.36564  
   0.51   3.41937    11.8934   130.30011   0.36094  
  0.515   3.40717   11.84744   129.33348   0.35625  
   0.52    3.3951    11.8016   128.37667   0.35159  
  0.525   3.38316   11.75588   127.42966   0.34694  
   0.53   3.37136   11.71027   126.49239    0.3423  
  0.535   3.35968    11.6648   125.56482   0.33767  
   0.54   3.34814   11.61945   124.64692   0.33307  
  0.545   3.33672   11.57424   123.73865   0.32848  
   0.55   3.32544   11.52916   122.83996   0.32391  
  0.555   3.31429   11.48423   121.95081   0.31935  
   0.56   3.30327   11.43943   121.07117   0.31481  
  0.565   3.29238   11.39478     120.201   0.31028  
   0.57   3.28162   11.35029   119.34026   0.30577  
  0.575   3.27098   11.30594   118.48892   0.30127  
   0.58   3.26048   11.26176   117.64693    0.2968  
  0.585   3.25011   11.21773   116.81427   0.29234  
   0.59   3.23987   11.17387    115.9909   0.28789  
  0.595   3.22976   11.13017   115.17678   0.28346  
    0.6   3.21978   11.08665   114.37189   0.27905  
  0.605   3.20993   11.04331   113.57618   0.27466  
   0.61   3.20021   11.00014   112.78964   0.27028  
  0.615   3.19062   10.95716   112.01223   0.26592  
   0.62   3.18116   10.91436   111.24392   0.26159  
  0.625   3.17183   10.87176   110.48468   0.25726  
   0.63   3.16263   10.82935   109.73448   0.25296  
  0.635   3.15356   10.78715    108.9933   0.24867  
   0.64   3.14462   10.74514   108.26112   0.24441  
  0.645   3.13581   10.70335   107.53791   0.24015  
   0.65   3.12713   10.66177   106.82364   0.23592  
  0.655   3.11858   10.62041    106.1183   0.23171  
   0.66   3.11016   10.57926   105.42187   0.22752  
  0.665   3.10187   10.53835   104.73432   0.22334  
   0.67   3.09372   10.49767   104.05564   0.21918  
  0.675   3.08569   10.45722   103.38581   0.21505  
   0.68   3.07779   10.41702   102.72483   0.21093  
  0.685   3.07003   10.37706   102.07266   0.20682  
   0.69    3.0624   10.33735   101.42932   0.20275  
  0.695    3.0549    10.2979   100.79477   0.19869  
    0.7   3.04753   10.25872   100.16903   0.19465  
  0.705   3.04029    10.2198    99.55207   0.19063  
   0.71   3.03319   10.18116     98.9439   0.18663  
  0.715   3.02622   10.14279    98.34452   0.18266  
   0.72   3.01938   10.10471    97.75392   0.17869  
  0.725   3.01267   10.06693    97.17212   0.17476  
   0.73    3.0061   10.02945     96.5991   0.17085  
  0.735   2.99966    9.99227    96.03488   0.16695  
   0.74   2.99336     9.9554    95.47947   0.16307  
  0.745   2.98719    9.91885    94.93288   0.15922  
   0.75   2.98115    9.88263    94.39512   0.15539  
  0.755   2.97526    9.84674     93.8662   0.15158  
   0.76   2.96949    9.81119    93.34614   0.14779  
  0.765   2.96386      9.776    92.83496   0.14403  
   0.77   2.95837    9.74116    92.33267   0.14028  
  0.775   2.95301    9.70668    91.83929   0.13656  
   0.78   2.94779    9.67257    91.35482   0.13288  
  0.785   2.94271    9.63884    90.87927   0.12921  
   0.79   2.93776    9.60549    90.41264   0.12556  
  0.795   2.93295    9.57254     89.9549   0.12195  
    0.8   2.92828    9.53997    89.50601   0.11837  
  0.805   2.92374    9.50781    89.06591   0.11481  
   0.81   2.91933    9.47603    88.63448   0.11131  
  0.815   2.91506    9.44465    88.21155   0.10784  
   0.82   2.91091    9.41364    87.79685    0.1044  
  0.825   2.90689    9.38299    87.39004   0.10105  
   0.83   2.90298    9.35267    86.99057   0.09776  
  0.835   2.89918    9.32263    86.59773   0.09455  
   0.84   2.89548    9.29281    86.21047   0.09147  
  0.845   2.89185    9.26312     85.8274   0.08854  
   0.85   2.88828    9.23342    85.44656   0.08578  
  0.855   2.88473    9.20352    85.06528   0.08329  
   0.86   2.88116    9.17318    84.67993   0.08111  
  0.865   2.87751    9.14204    84.28556   0.07937  
   0.87    2.8737    9.10963     83.8755   0.07821  
  0.875   2.86962    9.07529    83.44071   0.07781  
   0.88   2.86513    9.03815    82.96905   0.07843  
  0.885   2.86002    8.99703    82.44429    0.0804  
   0.89   2.85404    8.95033    81.84484   0.08414  
  0.895   2.84683    8.89594    81.14217   0.09022  
    0.9   2.83795    8.83107    80.29901   0.09931  
  0.905   2.82678    8.75204    79.26725   0.11227  
   0.91   2.81255    8.65413    77.98592   0.13005  
  0.915   2.79427    8.53133    76.37973    0.1537  
   0.92   2.77072    8.37622      74.359   0.18412  
  0.925   2.74043    8.17996    71.82269   0.22209  
   0.93   2.70171    7.93267    68.66736    0.2663  
  0.935   2.65279      7.626    64.81738   0.31611  
   0.94   2.59175    7.24769    60.18447   0.37115  
  0.945   2.51714     6.7853     54.7229   0.42442  
   0.95   2.42845    6.23561    48.51769   0.46673  
  0.955   2.32642    5.60326    41.76581   0.49042  
   0.96   2.21339    4.90275    34.76887   0.48932  
  0.965    2.0933    4.15845    27.89037   0.46201  
   0.97   1.97122    3.40184    21.48527   0.41213  
  0.975   1.85258    2.66655    15.82774   0.34897  
   0.98   1.74222    1.98256    11.06677   0.28052  
  0.985   1.64365    1.37169     7.22369   0.21773  
   0.99   1.55878    0.84567     4.22352   0.16295  
  0.995   1.48795    0.40674     1.93907   0.11821  
    1.0    1.4304       0.05     0.22915   0.07942  
