  0.000000  
  0.043727  
  0.068009  
  0.082334  
  0.094658  
  0.106291  
   0.11654  
  0.125946  
  0.134816  
  0.143145  
  0.151045  
  0.158589  
   0.16582  
  0.172778  
  0.179495  
  0.185997  
  0.192308  
  0.198444  
  0.204422  
  0.210256  
  0.215958  
  0.221538  
  0.227005  
  0.232368  
  0.237633  
  0.242808  
  0.247898  
  0.252908  
  0.257844  
  0.262709  
  0.267508  
  0.272245  
  0.276923  
  0.281545  
  0.286114  
  0.290632  
  0.295103  
  0.299528  
   0.30391  
   0.30825  
  0.312552  
  0.316816  
  0.321044  
  0.325238  
  0.329399  
  0.333529  
  0.337629  
    0.3417  
  0.345744  
  0.349762  
  0.353755  
  0.357723  
  0.361669  
  0.365592  
  0.369494  
  0.373376  
  0.377238  
  0.381081  
  0.384907  
  0.388716  
  0.392508  
  0.396284  
  0.400045  
  0.403792  
  0.407525  
  0.411245  
  0.414952  
  0.418647  
  0.422331  
  0.426004  
  0.429666  
  0.433318  
  0.436961  
  0.440595  
  0.444221  
  0.447838  
  0.451448  
  0.455051  
  0.458646  
  0.462236  
   0.46582  
  0.469398  
  0.472971  
   0.47654  
  0.480104  
  0.483664  
  0.487221  
  0.490774  
  0.494324  
  0.497872  
  0.501418  
  0.504962  
  0.508505  
  0.512046  
  0.515587  
  0.519127  
  0.522668  
  0.526208  
  0.529749  
  0.533291  
  0.536834  
  0.540378  
  0.543924  
  0.547473  
  0.551024  
  0.554578  
  0.558135  
  0.561695  
   0.56526  
  0.568828  
  0.572401  
  0.575978  
  0.579561  
  0.583149  
  0.586743  
  0.590343  
   0.59395  
  0.597563  
  0.601184  
  0.604812  
  0.608448  
  0.612092  
  0.615745  
  0.619407  
  0.623078  
  0.626758  
  0.630449  
   0.63415  
  0.637863  
  0.641586  
  0.645322  
  0.649069  
  0.652829  
  0.656602  
  0.660388  
  0.664189  
  0.668004  
  0.671833  
  0.675678  
  0.679539  
  0.683417  
  0.687311  
  0.691223  
  0.695153  
  0.699101  
  0.703069  
  0.707057  
  0.711065  
  0.715095  
  0.719146  
   0.72322  
  0.727317  
  0.731438  
  0.735585  
  0.739756  
  0.743955  
  0.748181  
  0.752435  
  0.756718  
  0.761032  
  0.765378  
  0.769755  
  0.774167  
  0.778614  
  0.783096  
  0.787616  
  0.792176  
  0.796775  
  0.801417  
  0.806103  
  0.810834  
  0.815612  
   0.82044  
   0.82532  
  0.830254  
  0.835244  
  0.840294  
  0.845405  
  0.850582  
  0.855828  
  0.861146  
   0.86654  
  0.872016  
  0.877578  
  0.883231  
  0.888982  
  0.894837  
  0.900806  
  0.906896  
  0.913118  
  0.919486  
   0.92601  
  0.932713  
   0.93962  
   0.94674  
  0.954115  
  0.961884  
  0.969932  
  0.978399  
  0.988054  
       1.0  
